service_id,date,exception_type
13234,20200101,2
13234,20200216,2
13234,20190501,2
13234,20190624,2
13234,20190706,2
13234,20190815,2
13234,20191101,2
13234,20191224,2
13234,20191225,2
13234,20191226,2
13235,20200101,2
13235,20200216,2
13235,20190501,2
13235,20190624,2
13235,20190706,2
13235,20190815,2
13235,20191101,2
13235,20191224,2
13235,20191225,2
13235,20191226,2
13236,20200101,1
13236,20200216,1
13236,20190501,1
13236,20190624,1
13236,20190706,1
13236,20190815,1
13236,20191101,1
13236,20191224,1
13236,20191225,1
13236,20191226,1
12809,20200101,2
12809,20200216,2
12809,20190501,2
12809,20190624,2
12809,20190706,2
12809,20190815,2
12809,20191101,2
12809,20191224,2
12809,20191225,2
12809,20191226,2
12808,20200101,2
12808,20200216,2
12808,20190501,2
12808,20190624,2
12808,20190706,2
12808,20190815,2
12808,20191101,2
12808,20191224,2
12808,20191225,2
12808,20191226,2
12810,20200101,1
12810,20200216,1
12810,20190501,1
12810,20190624,1
12810,20190706,1
12810,20190815,1
12810,20191101,1
12810,20191224,1
12810,20191225,1
12810,20191226,1
13024,20200101,2
13024,20200216,2
13024,20190501,2
13024,20190624,2
13024,20190706,2
13024,20190815,2
13024,20191101,2
13024,20191224,2
13024,20191225,2
13024,20191226,2
13025,20200101,2
13025,20200216,2
13025,20190501,2
13025,20190624,2
13025,20190706,2
13025,20190815,2
13025,20191101,2
13025,20191224,2
13025,20191225,2
13025,20191226,2
13026,20200101,1
13026,20200216,1
13026,20190501,1
13026,20190624,1
13026,20190706,1
13026,20190815,1
13026,20191101,1
13026,20191224,1
13026,20191225,1
13026,20191226,1
13225,20200101,2
13225,20200216,2
13225,20190501,2
13225,20190624,2
13225,20190706,2
13225,20190815,2
13225,20191101,2
13225,20191224,2
13225,20191225,2
13225,20191226,2
13226,20200101,2
13226,20200216,2
13226,20190501,2
13226,20190624,2
13226,20190706,2
13226,20190815,2
13226,20191101,2
13226,20191224,2
13226,20191225,2
13226,20191226,2
13227,20200101,1
13227,20200216,1
13227,20190501,1
13227,20190624,1
13227,20190706,1
13227,20190815,1
13227,20191101,1
13227,20191224,1
13227,20191225,1
13227,20191226,1
13027,20200101,2
13027,20200216,2
13027,20190501,2
13027,20190624,2
13027,20190706,2
13027,20190815,2
13027,20191101,2
13027,20191224,2
13027,20191225,2
13027,20191226,2
13028,20200101,2
13028,20200216,2
13028,20190501,2
13028,20190624,2
13028,20190706,2
13028,20190815,2
13028,20191101,2
13028,20191224,2
13028,20191225,2
13028,20191226,2
13029,20200101,1
13029,20200216,1
13029,20190501,1
13029,20190624,1
13029,20190706,1
13029,20190815,1
13029,20191101,1
13029,20191224,1
13029,20191225,1
13029,20191226,1
13228,20200101,2
13228,20200216,2
13228,20190501,2
13228,20190624,2
13228,20190706,2
13228,20190815,2
13228,20191101,2
13228,20191224,2
13228,20191225,2
13228,20191226,2
13229,20200101,2
13229,20200216,2
13229,20190501,2
13229,20190624,2
13229,20190706,2
13229,20190815,2
13229,20191101,2
13229,20191224,2
13229,20191225,2
13229,20191226,2
13230,20200101,1
13230,20200216,1
13230,20190501,1
13230,20190624,1
13230,20190706,1
13230,20190815,1
13230,20191101,1
13230,20191224,1
13230,20191225,1
13230,20191226,1
11951,20200101,2
11951,20200216,2
11951,20190501,2
11951,20190624,2
11951,20190706,2
11951,20190815,2
11951,20191101,2
11951,20191224,2
11951,20191225,2
11951,20191226,2
11952,20200101,1
11952,20200216,1
11952,20190501,1
11952,20190624,1
11952,20190706,1
11952,20190815,1
11952,20191101,1
11952,20191224,1
11952,20191225,1
11952,20191226,1
13314,20200101,2
13314,20200216,2
13314,20190501,2
13314,20190624,2
13314,20190706,2
13314,20190815,2
13314,20191101,2
13314,20191224,2
13314,20191225,2
13314,20191226,2
13315,20200101,2
13315,20200216,2
13315,20190501,2
13315,20190624,2
13315,20190706,2
13315,20190815,2
13315,20191101,2
13315,20191224,2
13315,20191225,2
13315,20191226,2
13316,20200101,1
13316,20200216,1
13316,20190501,1
13316,20190624,1
13316,20190706,1
13316,20190815,1
13316,20191101,1
13316,20191224,1
13316,20191225,1
13316,20191226,1
13237,20200101,2
13237,20200216,2
13237,20190501,2
13237,20190624,2
13237,20190706,2
13237,20190815,2
13237,20191101,2
13237,20191224,2
13237,20191225,2
13237,20191226,2
13238,20200101,2
13238,20200216,2
13238,20190501,2
13238,20190624,2
13238,20190706,2
13238,20190815,2
13238,20191101,2
13238,20191224,2
13238,20191225,2
13238,20191226,2
13239,20200101,1
13239,20200216,1
13239,20190501,1
13239,20190624,1
13239,20190706,1
13239,20190815,1
13239,20191101,1
13239,20191224,1
13239,20191225,1
13239,20191226,1
12814,20200101,2
12814,20200216,2
12814,20190501,2
12814,20190624,2
12814,20190706,2
12814,20190815,2
12814,20191101,2
12814,20191224,2
12814,20191225,2
12814,20191226,2
12815,20200101,2
12815,20200216,2
12815,20190501,2
12815,20190624,2
12815,20190706,2
12815,20190815,2
12815,20191101,2
12815,20191224,2
12815,20191225,2
12815,20191226,2
12816,20200101,1
12816,20200216,1
12816,20190501,1
12816,20190624,1
12816,20190706,1
12816,20190815,1
12816,20191101,1
12816,20191224,1
12816,20191225,1
12816,20191226,1
13231,20200101,2
13231,20200216,2
13231,20190501,2
13231,20190624,2
13231,20190706,2
13231,20190815,2
13231,20191101,2
13231,20191224,2
13231,20191225,2
13231,20191226,2
13232,20200101,2
13232,20200216,2
13232,20190501,2
13232,20190624,2
13232,20190706,2
13232,20190815,2
13232,20191101,2
13232,20191224,2
13232,20191225,2
13232,20191226,2
13233,20200101,1
13233,20200216,1
13233,20190501,1
13233,20190624,1
13233,20190706,1
13233,20190815,1
13233,20191101,1
13233,20191224,1
13233,20191225,1
13233,20191226,1
13319,20200101,2
13319,20200216,2
13319,20190501,2
13319,20190624,2
13319,20190706,2
13319,20190815,2
13319,20191101,2
13319,20191224,2
13319,20191225,2
13319,20191226,2
13324,20200101,1
13324,20200216,1
13324,20190501,1
13324,20190624,1
13324,20190706,1
13324,20190815,1
13324,20191101,1
13324,20191224,1
13324,20191225,1
13324,20191226,1
13240,20200101,2
13240,20200216,2
13240,20190501,2
13240,20190624,2
13240,20190706,2
13240,20190815,2
13240,20191101,2
13240,20191224,2
13240,20191225,2
13240,20191226,2
12730,20200101,1
12730,20200216,1
12730,20190501,1
12730,20190624,1
12730,20190706,1
12730,20190815,1
12730,20191101,1
12730,20191224,1
12730,20191225,1
12730,20191226,1
11852,20200101,2
11852,20200216,2
11852,20190501,2
11852,20190624,2
11852,20190706,2
11852,20190815,2
11852,20191101,2
11852,20191224,2
11852,20191225,2
11852,20191226,2
11853,20200101,2
11853,20200216,2
11853,20190501,2
11853,20190624,2
11853,20190706,2
11853,20190815,2
11853,20191101,2
11853,20191224,2
11853,20191225,2
11853,20191226,2
13033,20200101,2
13033,20200216,2
13033,20190501,2
13033,20190624,2
13033,20190706,2
13033,20190815,2
13033,20191101,2
13033,20191224,2
13033,20191225,2
13033,20191226,2
12732,20200101,1
12732,20200216,1
12732,20190501,1
12732,20190624,1
12732,20190706,1
12732,20190815,1
12732,20191101,1
12732,20191224,1
12732,20191225,1
12732,20191226,1
12367,20200101,2
12367,20200216,2
12367,20190501,2
12367,20190624,2
12367,20190706,2
12367,20190815,2
12367,20191101,2
12367,20191224,2
12367,20191225,2
12367,20191226,2
13242,20200101,2
13242,20200216,2
13242,20190501,2
13242,20190624,2
13242,20190706,2
13242,20190815,2
13242,20191101,2
13242,20191224,2
13242,20191225,2
13242,20191226,2
13243,20200101,2
13243,20200216,2
13243,20190501,2
13243,20190624,2
13243,20190706,2
13243,20190815,2
13243,20191101,2
13243,20191224,2
13243,20191225,2
13243,20191226,2
13244,20200101,1
13244,20200216,1
13244,20190501,1
13244,20190624,1
13244,20190706,1
13244,20190815,1
13244,20191101,1
13244,20191224,1
13244,20191225,1
13244,20191226,1
12009,20200101,1
12009,20200216,1
12009,20190501,1
12009,20190624,1
12009,20190706,1
12009,20190815,1
12009,20191101,1
12009,20191224,1
12009,20191225,1
12009,20191226,1
12756,20200101,2
12756,20200216,2
12756,20190501,2
12756,20190624,2
12756,20190706,2
12756,20190815,2
12756,20191101,2
12756,20191224,2
12756,20191225,2
12756,20191226,2
13336,20200101,2
13336,20200216,2
13336,20190501,2
13336,20190624,2
13336,20190706,2
13336,20190815,2
13336,20191101,2
13336,20191224,2
13336,20191225,2
13336,20191226,2
13335,20200101,2
13335,20200216,2
13335,20190501,2
13335,20190624,2
13335,20190706,2
13335,20190815,2
13335,20191101,2
13335,20191224,2
13335,20191225,2
13335,20191226,2
13036,20200101,1
13036,20200216,1
13036,20190501,1
13036,20190624,1
13036,20190706,1
13036,20190815,1
13036,20191101,1
13036,20191224,1
13036,20191225,1
13036,20191226,1
12757,20200101,2
12757,20200216,2
12757,20190501,2
12757,20190624,2
12757,20190706,2
12757,20190815,2
12757,20191101,2
12757,20191224,2
12757,20191225,2
12757,20191226,2
12758,20200101,2
12758,20200216,2
12758,20190501,2
12758,20190624,2
12758,20190706,2
12758,20190815,2
12758,20191101,2
12758,20191224,2
12758,20191225,2
12758,20191226,2
12759,20200101,1
12759,20200216,1
12759,20190501,1
12759,20190624,1
12759,20190706,1
12759,20190815,1
12759,20191101,1
12759,20191224,1
12759,20191225,1
12759,20191226,1
12760,20200101,2
12760,20200216,2
12760,20190501,2
12760,20190624,2
12760,20190706,2
12760,20190815,2
12760,20191101,2
12760,20191224,2
12760,20191225,2
12760,20191226,2
12273,20200101,2
12273,20200216,2
12273,20190501,2
12273,20190624,2
12273,20190706,2
12273,20190815,2
12273,20191101,2
12273,20191224,2
12273,20191225,2
12273,20191226,2
12274,20200101,1
12274,20200216,1
12274,20190501,1
12274,20190624,1
12274,20190706,1
12274,20190815,1
12274,20191101,1
12274,20191224,1
12274,20191225,1
12274,20191226,1
12275,20200101,2
12275,20200216,2
12275,20190501,2
12275,20190624,2
12275,20190706,2
12275,20190815,2
12275,20191101,2
12275,20191224,2
12275,20191225,2
12275,20191226,2
12276,20200101,1
12276,20200216,1
12276,20190501,1
12276,20190624,1
12276,20190706,1
12276,20190815,1
12276,20191101,1
12276,20191224,1
12276,20191225,1
12276,20191226,1
13037,20200101,2
13037,20200216,2
13037,20190501,2
13037,20190624,2
13037,20190706,2
13037,20190815,2
13037,20191101,2
13037,20191224,2
13037,20191225,2
13037,20191226,2
13038,20200101,2
13038,20200216,2
13038,20190501,2
13038,20190624,2
13038,20190706,2
13038,20190815,2
13038,20191101,2
13038,20191224,2
13038,20191225,2
13038,20191226,2
13039,20200101,1
13039,20200216,1
13039,20190501,1
13039,20190624,1
13039,20190706,1
13039,20190815,1
13039,20191101,1
13039,20191224,1
13039,20191225,1
13039,20191226,1
12502,20200101,2
12502,20200216,2
12502,20190501,2
12502,20190624,2
12502,20190706,2
12502,20190815,2
12502,20191101,2
12502,20191224,2
12502,20191225,2
12502,20191226,2
13337,20200101,2
13337,20200216,2
13337,20190501,2
13337,20190624,2
13337,20190706,2
13337,20190815,2
13337,20191101,2
13337,20191224,2
13337,20191225,2
13337,20191226,2
13338,20200101,1
13338,20200216,1
13338,20190501,1
13338,20190624,1
13338,20190706,1
13338,20190815,1
13338,20191101,1
13338,20191224,1
13338,20191225,1
13338,20191226,1
13040,20200101,2
13040,20200216,2
13040,20190501,2
13040,20190624,2
13040,20190706,2
13040,20190815,2
13040,20191101,2
13040,20191224,2
13040,20191225,2
13040,20191226,2
13041,20200101,2
13041,20200216,2
13041,20190501,2
13041,20190624,2
13041,20190706,2
13041,20190815,2
13041,20191101,2
13041,20191224,2
13041,20191225,2
13041,20191226,2
13042,20200101,1
13042,20200216,1
13042,20190501,1
13042,20190624,1
13042,20190706,1
13042,20190815,1
13042,20191101,1
13042,20191224,1
13042,20191225,1
13042,20191226,1
13043,20200101,2
13043,20200216,2
13043,20190501,2
13043,20190624,2
13043,20190706,2
13043,20190815,2
13043,20191101,2
13043,20191224,2
13043,20191225,2
13043,20191226,2
13044,20200101,2
13044,20200216,2
13044,20190501,2
13044,20190624,2
13044,20190706,2
13044,20190815,2
13044,20191101,2
13044,20191224,2
13044,20191225,2
13044,20191226,2
13045,20200101,1
13045,20200216,1
13045,20190501,1
13045,20190624,1
13045,20190706,1
13045,20190815,1
13045,20191101,1
13045,20191224,1
13045,20191225,1
13045,20191226,1
13245,20200101,2
13245,20200216,2
13245,20190501,2
13245,20190624,2
13245,20190706,2
13245,20190815,2
13245,20191101,2
13245,20191224,2
13245,20191225,2
13245,20191226,2
13285,20200101,2
13285,20200216,2
13285,20190501,2
13285,20190624,2
13285,20190706,2
13285,20190815,2
13285,20191101,2
13285,20191224,2
13285,20191225,2
13285,20191226,2
13246,20200101,2
13246,20200216,2
13246,20190501,2
13246,20190624,2
13246,20190706,2
13246,20190815,2
13246,20191101,2
13246,20191224,2
13246,20191225,2
13246,20191226,2
13247,20200101,1
13247,20200216,1
13247,20190501,1
13247,20190624,1
13247,20190706,1
13247,20190815,1
13247,20191101,1
13247,20191224,1
13247,20191225,1
13247,20191226,1
13248,20200101,2
13248,20200216,2
13248,20190501,2
13248,20190624,2
13248,20190706,2
13248,20190815,2
13248,20191101,2
13248,20191224,2
13248,20191225,2
13248,20191226,2
13249,20200101,2
13249,20200216,2
13249,20190501,2
13249,20190624,2
13249,20190706,2
13249,20190815,2
13249,20191101,2
13249,20191224,2
13249,20191225,2
13249,20191226,2
13250,20200101,1
13250,20200216,1
13250,20190501,1
13250,20190624,1
13250,20190706,1
13250,20190815,1
13250,20191101,1
13250,20191224,1
13250,20191225,1
13250,20191226,1
13251,20200101,2
13251,20200216,2
13251,20190501,2
13251,20190624,2
13251,20190706,2
13251,20190815,2
13251,20191101,2
13251,20191224,2
13251,20191225,2
13251,20191226,2
13252,20200101,2
13252,20200216,2
13252,20190501,2
13252,20190624,2
13252,20190706,2
13252,20190815,2
13252,20191101,2
13252,20191224,2
13252,20191225,2
13252,20191226,2
13253,20200101,1
13253,20200216,1
13253,20190501,1
13253,20190624,1
13253,20190706,1
13253,20190815,1
13253,20191101,1
13253,20191224,1
13253,20191225,1
13253,20191226,1
13254,20200101,2
13254,20200216,2
13254,20190501,2
13254,20190624,2
13254,20190706,2
13254,20190815,2
13254,20191101,2
13254,20191224,2
13254,20191225,2
13254,20191226,2
13255,20200101,2
13255,20200216,2
13255,20190501,2
13255,20190624,2
13255,20190706,2
13255,20190815,2
13255,20191101,2
13255,20191224,2
13255,20191225,2
13255,20191226,2
13256,20200101,1
13256,20200216,1
13256,20190501,1
13256,20190624,1
13256,20190706,1
13256,20190815,1
13256,20191101,1
13256,20191224,1
13256,20191225,1
13256,20191226,1
13257,20200101,2
13257,20200216,2
13257,20190501,2
13257,20190624,2
13257,20190706,2
13257,20190815,2
13257,20191101,2
13257,20191224,2
13257,20191225,2
13257,20191226,2
13268,20200101,2
13268,20200216,2
13268,20190501,2
13268,20190624,2
13268,20190706,2
13268,20190815,2
13268,20191101,2
13268,20191224,2
13268,20191225,2
13268,20191226,2
13278,20200101,2
13278,20200216,2
13278,20190501,2
13278,20190624,2
13278,20190706,2
13278,20190815,2
13278,20191101,2
13278,20191224,2
13278,20191225,2
13278,20191226,2
13258,20200101,2
13258,20200216,2
13258,20190501,2
13258,20190624,2
13258,20190706,2
13258,20190815,2
13258,20191101,2
13258,20191224,2
13258,20191225,2
13258,20191226,2
13259,20200101,1
13259,20200216,1
13259,20190501,1
13259,20190624,1
13259,20190706,1
13259,20190815,1
13259,20191101,1
13259,20191224,1
13259,20191225,1
13259,20191226,1
11859,20200101,2
11859,20200216,2
11859,20190501,2
11859,20190624,2
11859,20190706,2
11859,20190815,2
11859,20191101,2
11859,20191224,2
11859,20191225,2
11859,20191226,2
11860,20200101,2
11860,20200216,2
11860,20190501,2
11860,20190624,2
11860,20190706,2
11860,20190815,2
11860,20191101,2
11860,20191224,2
11860,20191225,2
11860,20191226,2
11861,20200101,1
11861,20200216,1
11861,20190501,1
11861,20190624,1
11861,20190706,1
11861,20190815,1
11861,20191101,1
11861,20191224,1
11861,20191225,1
11861,20191226,1
13046,20200101,2
13046,20200216,2
13046,20190501,2
13046,20190624,2
13046,20190706,2
13046,20190815,2
13046,20191101,2
13046,20191224,2
13046,20191225,2
13046,20191226,2
12740,20200101,1
12740,20200216,1
12740,20190501,1
12740,20190624,1
12740,20190706,1
12740,20190815,1
12740,20191101,1
12740,20191224,1
12740,20191225,1
12740,20191226,1
13048,20200101,2
13048,20200216,2
13048,20190501,2
13048,20190624,2
13048,20190706,2
13048,20190815,2
13048,20191101,2
13048,20191224,2
13048,20191225,2
13048,20191226,2
13047,20200101,2
13047,20200216,2
13047,20190501,2
13047,20190624,2
13047,20190706,2
13047,20190815,2
13047,20191101,2
13047,20191224,2
13047,20191225,2
13047,20191226,2
13049,20200101,1
13049,20200216,1
13049,20190501,1
13049,20190624,1
13049,20190706,1
13049,20190815,1
13049,20191101,1
13049,20191224,1
13049,20191225,1
13049,20191226,1
13260,20200101,2
13260,20200216,2
13260,20190501,2
13260,20190624,2
13260,20190706,2
13260,20190815,2
13260,20191101,2
13260,20191224,2
13260,20191225,2
13260,20191226,2
13261,20200101,1
13261,20200216,1
13261,20190501,1
13261,20190624,1
13261,20190706,1
13261,20190815,1
13261,20191101,1
13261,20191224,1
13261,20191225,1
13261,20191226,1
13262,20200101,2
13262,20200216,2
13262,20190501,2
13262,20190624,2
13262,20190706,2
13262,20190815,2
13262,20191101,2
13262,20191224,2
13262,20191225,2
13262,20191226,2
13263,20200101,2
13263,20200216,2
13263,20190501,2
13263,20190624,2
13263,20190706,2
13263,20190815,2
13263,20191101,2
13263,20191224,2
13263,20191225,2
13263,20191226,2
13264,20200101,1
13264,20200216,1
13264,20190501,1
13264,20190624,1
13264,20190706,1
13264,20190815,1
13264,20191101,1
13264,20191224,1
13264,20191225,1
13264,20191226,1
13201,20200101,2
13201,20200216,2
13201,20190501,2
13201,20190624,2
13201,20190706,2
13201,20190815,2
13201,20191101,2
13201,20191224,2
13201,20191225,2
13201,20191226,2
13202,20200101,2
13202,20200216,2
13202,20190501,2
13202,20190624,2
13202,20190706,2
13202,20190815,2
13202,20191101,2
13202,20191224,2
13202,20191225,2
13202,20191226,2
13203,20200101,1
13203,20200216,1
13203,20190501,1
13203,20190624,1
13203,20190706,1
13203,20190815,1
13203,20191101,1
13203,20191224,1
13203,20191225,1
13203,20191226,1
13050,20200101,2
13050,20200216,2
13050,20190501,2
13050,20190624,2
13050,20190706,2
13050,20190815,2
13050,20191101,2
13050,20191224,2
13050,20191225,2
13050,20191226,2
13051,20200101,2
13051,20200216,2
13051,20190501,2
13051,20190624,2
13051,20190706,2
13051,20190815,2
13051,20191101,2
13051,20191224,2
13051,20191225,2
13051,20191226,2
13052,20200101,1
13052,20200216,1
13052,20190501,1
13052,20190624,1
13052,20190706,1
13052,20190815,1
13052,20191101,1
13052,20191224,1
13052,20191225,1
13052,20191226,1
13204,20200101,2
13204,20200216,2
13204,20190501,2
13204,20190624,2
13204,20190706,2
13204,20190815,2
13204,20191101,2
13204,20191224,2
13204,20191225,2
13204,20191226,2
13205,20200101,2
13205,20200216,2
13205,20190501,2
13205,20190624,2
13205,20190706,2
13205,20190815,2
13205,20191101,2
13205,20191224,2
13205,20191225,2
13205,20191226,2
13206,20200101,1
13206,20200216,1
13206,20190501,1
13206,20190624,1
13206,20190706,1
13206,20190815,1
13206,20191101,1
13206,20191224,1
13206,20191225,1
13206,20191226,1
12824,20200101,2
12824,20200216,2
12824,20190501,2
12824,20190624,2
12824,20190706,2
12824,20190815,2
12824,20191101,2
12824,20191224,2
12824,20191225,2
12824,20191226,2
12825,20200101,1
12825,20200216,1
12825,20190501,1
12825,20190624,1
12825,20190706,1
12825,20190815,1
12825,20191101,1
12825,20191224,1
12825,20191225,1
12825,20191226,1
12823,20200101,2
12823,20200216,2
12823,20190501,2
12823,20190624,2
12823,20190706,2
12823,20190815,2
12823,20191101,2
12823,20191224,2
12823,20191225,2
12823,20191226,2
13053,20200101,2
13053,20200216,2
13053,20190501,2
13053,20190624,2
13053,20190706,2
13053,20190815,2
13053,20191101,2
13053,20191224,2
13053,20191225,2
13053,20191226,2
13054,20200101,2
13054,20200216,2
13054,20190501,2
13054,20190624,2
13054,20190706,2
13054,20190815,2
13054,20191101,2
13054,20191224,2
13054,20191225,2
13054,20191226,2
13055,20200101,1
13055,20200216,1
13055,20190501,1
13055,20190624,1
13055,20190706,1
13055,20190815,1
13055,20191101,1
13055,20191224,1
13055,20191225,1
13055,20191226,1
12826,20200101,2
12826,20200216,2
12826,20190501,2
12826,20190624,2
12826,20190706,2
12826,20190815,2
12826,20191101,2
12826,20191224,2
12826,20191225,2
12826,20191226,2
12827,20200101,2
12827,20200216,2
12827,20190501,2
12827,20190624,2
12827,20190706,2
12827,20190815,2
12827,20191101,2
12827,20191224,2
12827,20191225,2
12827,20191226,2
12828,20200101,1
12828,20200216,1
12828,20190501,1
12828,20190624,1
12828,20190706,1
12828,20190815,1
12828,20191101,1
12828,20191224,1
12828,20191225,1
12828,20191226,1
12829,20200101,2
12829,20200216,2
12829,20190501,2
12829,20190624,2
12829,20190706,2
12829,20190815,2
12829,20191101,2
12829,20191224,2
12829,20191225,2
12829,20191226,2
12830,20200101,2
12830,20200216,2
12830,20190501,2
12830,20190624,2
12830,20190706,2
12830,20190815,2
12830,20191101,2
12830,20191224,2
12830,20191225,2
12830,20191226,2
12831,20200101,1
12831,20200216,1
12831,20190501,1
12831,20190624,1
12831,20190706,1
12831,20190815,1
12831,20191101,1
12831,20191224,1
12831,20191225,1
12831,20191226,1
13056,20200101,2
13056,20200216,2
13056,20190501,2
13056,20190624,2
13056,20190706,2
13056,20190815,2
13056,20191101,2
13056,20191224,2
13056,20191225,2
13056,20191226,2
13057,20200101,2
13057,20200216,2
13057,20190501,2
13057,20190624,2
13057,20190706,2
13057,20190815,2
13057,20191101,2
13057,20191224,2
13057,20191225,2
13057,20191226,2
13058,20200101,1
13058,20200216,1
13058,20190501,1
13058,20190624,1
13058,20190706,1
13058,20190815,1
13058,20191101,1
13058,20191224,1
13058,20191225,1
13058,20191226,1
12682,20200101,2
12682,20200216,2
12682,20190501,2
12682,20190624,2
12682,20190706,2
12682,20190815,2
12682,20191101,2
12682,20191224,2
12682,20191225,2
12682,20191226,2
12683,20200101,2
12683,20200216,2
12683,20190501,2
12683,20190624,2
12683,20190706,2
12683,20190815,2
12683,20191101,2
12683,20191224,2
12683,20191225,2
12683,20191226,2
12684,20200101,1
12684,20200216,1
12684,20190501,1
12684,20190624,1
12684,20190706,1
12684,20190815,1
12684,20191101,1
12684,20191224,1
12684,20191225,1
12684,20191226,1
12526,20200101,2
12526,20200216,2
12526,20190501,2
12526,20190624,2
12526,20190706,2
12526,20190815,2
12526,20191101,2
12526,20191224,2
12526,20191225,2
12526,20191226,2
13339,20200101,2
13339,20200216,2
13339,20190501,2
13339,20190624,2
13339,20190706,2
13339,20190815,2
13339,20191101,2
13339,20191224,2
13339,20191225,2
13339,20191226,2
13340,20200101,1
13340,20200216,1
13340,20190501,1
13340,20190624,1
13340,20190706,1
13340,20190815,1
13340,20191101,1
13340,20191224,1
13340,20191225,1
13340,20191226,1
13269,20200101,2
13269,20200216,2
13269,20190501,2
13269,20190624,2
13269,20190706,2
13269,20190815,2
13269,20191101,2
13269,20191224,2
13269,20191225,2
13269,20191226,2
13270,20200101,1
13270,20200216,1
13270,20190501,1
13270,20190624,1
13270,20190706,1
13270,20190815,1
13270,20191101,1
13270,20191224,1
13270,20191225,1
13270,20191226,1
12530,20200101,2
12530,20200216,2
12530,20190501,2
12530,20190624,2
12530,20190706,2
12530,20190815,2
12530,20191101,2
12530,20191224,2
12530,20191225,2
12530,20191226,2
11965,20200101,2
11965,20200216,2
11965,20190501,2
11965,20190624,2
11965,20190706,2
11965,20190815,2
11965,20191101,2
11965,20191224,2
11965,20191225,2
11965,20191226,2
11966,20200101,1
11966,20200216,1
11966,20190501,1
11966,20190624,1
11966,20190706,1
11966,20190815,1
11966,20191101,1
11966,20191224,1
11966,20191225,1
11966,20191226,1
13059,20200101,2
13059,20200216,2
13059,20190501,2
13059,20190624,2
13059,20190706,2
13059,20190815,2
13059,20191101,2
13059,20191224,2
13059,20191225,2
13059,20191226,2
13060,20200101,2
13060,20200216,2
13060,20190501,2
13060,20190624,2
13060,20190706,2
13060,20190815,2
13060,20191101,2
13060,20191224,2
13060,20191225,2
13060,20191226,2
13061,20200101,1
13061,20200216,1
13061,20190501,1
13061,20190624,1
13061,20190706,1
13061,20190815,1
13061,20191101,1
13061,20191224,1
13061,20191225,1
13061,20191226,1
13317,20200101,2
13317,20200216,2
13317,20190501,2
13317,20190624,2
13317,20190706,2
13317,20190815,2
13317,20191101,2
13317,20191224,2
13317,20191225,2
13317,20191226,2
13318,20200101,1
13318,20200216,1
13318,20190501,1
13318,20190624,1
13318,20190706,1
13318,20190815,1
13318,20191101,1
13318,20191224,1
13318,20191225,1
13318,20191226,1
13207,20200101,2
13207,20200216,2
13207,20190501,2
13207,20190624,2
13207,20190706,2
13207,20190815,2
13207,20191101,2
13207,20191224,2
13207,20191225,2
13207,20191226,2
12532,20200101,2
12532,20200216,2
12532,20190501,2
12532,20190624,2
12532,20190706,2
12532,20190815,2
12532,20191101,2
12532,20191224,2
12532,20191225,2
12532,20191226,2
12833,20200101,2
12833,20200216,2
12833,20190501,2
12833,20190624,2
12833,20190706,2
12833,20190815,2
12833,20191101,2
12833,20191224,2
12833,20191225,2
12833,20191226,2
12533,20200101,1
12533,20200216,1
12533,20190501,1
12533,20190624,1
12533,20190706,1
12533,20190815,1
12533,20191101,1
12533,20191224,1
12533,20191225,1
12533,20191226,1
12834,20200101,2
12834,20200216,2
12834,20190501,2
12834,20190624,2
12834,20190706,2
12834,20190815,2
12834,20191101,2
12834,20191224,2
12834,20191225,2
12834,20191226,2
12835,20200101,2
12835,20200216,2
12835,20190501,2
12835,20190624,2
12835,20190706,2
12835,20190815,2
12835,20191101,2
12835,20191224,2
12835,20191225,2
12835,20191226,2
12836,20200101,1
12836,20200216,1
12836,20190501,1
12836,20190624,1
12836,20190706,1
12836,20190815,1
12836,20191101,1
12836,20191224,1
12836,20191225,1
12836,20191226,1
13271,20200101,2
13271,20200216,2
13271,20190501,2
13271,20190624,2
13271,20190706,2
13271,20190815,2
13271,20191101,2
13271,20191224,2
13271,20191225,2
13271,20191226,2
13272,20200101,2
13272,20200216,2
13272,20190501,2
13272,20190624,2
13272,20190706,2
13272,20190815,2
13272,20191101,2
13272,20191224,2
13272,20191225,2
13272,20191226,2
13273,20200101,1
13273,20200216,1
13273,20190501,1
13273,20190624,1
13273,20190706,1
13273,20190815,1
13273,20191101,1
13273,20191224,1
13273,20191225,1
13273,20191226,1
12537,20200101,2
12537,20200216,2
12537,20190501,2
12537,20190624,2
12537,20190706,2
12537,20190815,2
12537,20191101,2
12537,20191224,2
12537,20191225,2
12537,20191226,2
12538,20200101,2
12538,20200216,2
12538,20190501,2
12538,20190624,2
12538,20190706,2
12538,20190815,2
12538,20191101,2
12538,20191224,2
12538,20191225,2
12538,20191226,2
12539,20200101,1
12539,20200216,1
12539,20190501,1
12539,20190624,1
12539,20190706,1
12539,20190815,1
12539,20191101,1
12539,20191224,1
12539,20191225,1
12539,20191226,1
12214,20200101,2
12214,20200216,2
12214,20190501,2
12214,20190624,2
12214,20190706,2
12214,20190815,2
12214,20191101,2
12214,20191224,2
12214,20191225,2
12214,20191226,2
12215,20200101,1
12215,20200216,1
12215,20190501,1
12215,20190624,1
12215,20190706,1
12215,20190815,1
12215,20191101,1
12215,20191224,1
12215,20191225,1
12215,20191226,1
13274,20200101,1
13274,20200216,1
13274,20190501,1
13274,20190624,1
13274,20190706,1
13274,20190815,1
13274,20191101,1
13274,20191224,1
13274,20191225,1
13274,20191226,1
12540,20200101,2
12540,20200216,2
12540,20190501,2
12540,20190624,2
12540,20190706,2
12540,20190815,2
12540,20191101,2
12540,20191224,2
12540,20191225,2
12540,20191226,2
13176,20200101,2
13176,20200216,2
13176,20190501,2
13176,20190624,2
13176,20190706,2
13176,20190815,2
13176,20191101,2
13176,20191224,2
13176,20191225,2
13176,20191226,2
13177,20200101,2
13177,20200216,2
13177,20190501,2
13177,20190624,2
13177,20190706,2
13177,20190815,2
13177,20191101,2
13177,20191224,2
13177,20191225,2
13177,20191226,2
13178,20200101,1
13178,20200216,1
13178,20190501,1
13178,20190624,1
13178,20190706,1
13178,20190815,1
13178,20191101,1
13178,20191224,1
13178,20191225,1
13178,20191226,1
13210,20200101,2
13210,20200216,2
13210,20190501,2
13210,20190624,2
13210,20190706,2
13210,20190815,2
13210,20191101,2
13210,20191224,2
13210,20191225,2
13210,20191226,2
13211,20200101,2
13211,20200216,2
13211,20190501,2
13211,20190624,2
13211,20190706,2
13211,20190815,2
13211,20191101,2
13211,20191224,2
13211,20191225,2
13211,20191226,2
13212,20200101,1
13212,20200216,1
13212,20190501,1
13212,20190624,1
13212,20190706,1
13212,20190815,1
13212,20191101,1
13212,20191224,1
13212,20191225,1
13212,20191226,1
13321,20200101,2
13321,20200216,2
13321,20190501,2
13321,20190624,2
13321,20190706,2
13321,20190815,2
13321,20191101,2
13321,20191224,2
13321,20191225,2
13321,20191226,2
13322,20200101,2
13322,20200216,2
13322,20190501,2
13322,20190624,2
13322,20190706,2
13322,20190815,2
13322,20191101,2
13322,20191224,2
13322,20191225,2
13322,20191226,2
13323,20200101,1
13323,20200216,1
13323,20190501,1
13323,20190624,1
13323,20190706,1
13323,20190815,1
13323,20191101,1
13323,20191224,1
13323,20191225,1
13323,20191226,1
13279,20200101,2
13279,20200216,2
13279,20190501,2
13279,20190624,2
13279,20190706,2
13279,20190815,2
13279,20191101,2
13279,20191224,2
13279,20191225,2
13279,20191226,2
13280,20200101,1
13280,20200216,1
13280,20190501,1
13280,20190624,1
13280,20190706,1
13280,20190815,1
13280,20191101,1
13280,20191224,1
13280,20191225,1
13280,20191226,1
13281,20200101,2
13281,20200216,2
13281,20190501,2
13281,20190624,2
13281,20190706,2
13281,20190815,2
13281,20191101,2
13281,20191224,2
13281,20191225,2
13281,20191226,2
13282,20200101,2
13282,20200216,2
13282,20190501,2
13282,20190624,2
13282,20190706,2
13282,20190815,2
13282,20191101,2
13282,20191224,2
13282,20191225,2
13282,20191226,2
13283,20200101,1
13283,20200216,1
13283,20190501,1
13283,20190624,1
13283,20190706,1
13283,20190815,1
13283,20191101,1
13283,20191224,1
13283,20191225,1
13283,20191226,1
13068,20200101,2
13068,20200216,2
13068,20190501,2
13068,20190624,2
13068,20190706,2
13068,20190815,2
13068,20191101,2
13068,20191224,2
13068,20191225,2
13068,20191226,2
13069,20200101,2
13069,20200216,2
13069,20190501,2
13069,20190624,2
13069,20190706,2
13069,20190815,2
13069,20191101,2
13069,20191224,2
13069,20191225,2
13069,20191226,2
13070,20200101,1
13070,20200216,1
13070,20190501,1
13070,20190624,1
13070,20190706,1
13070,20190815,1
13070,20191101,1
13070,20191224,1
13070,20191225,1
13070,20191226,1
13213,20200101,2
13213,20200216,2
13213,20190501,2
13213,20190624,2
13213,20190706,2
13213,20190815,2
13213,20191101,2
13213,20191224,2
13213,20191225,2
13213,20191226,2
13214,20200101,2
13214,20200216,2
13214,20190501,2
13214,20190624,2
13214,20190706,2
13214,20190815,2
13214,20191101,2
13214,20191224,2
13214,20191225,2
13214,20191226,2
13215,20200101,1
13215,20200216,1
13215,20190501,1
13215,20190624,1
13215,20190706,1
13215,20190815,1
13215,20191101,1
13215,20191224,1
13215,20191225,1
13215,20191226,1
13071,20200101,2
13071,20200216,2
13071,20190501,2
13071,20190624,2
13071,20190706,2
13071,20190815,2
13071,20191101,2
13071,20191224,2
13071,20191225,2
13071,20191226,2
13072,20200101,2
13072,20200216,2
13072,20190501,2
13072,20190624,2
13072,20190706,2
13072,20190815,2
13072,20191101,2
13072,20191224,2
13072,20191225,2
13072,20191226,2
13073,20200101,1
13073,20200216,1
13073,20190501,1
13073,20190624,1
13073,20190706,1
13073,20190815,1
13073,20191101,1
13073,20191224,1
13073,20191225,1
13073,20191226,1
13284,20200101,2
13284,20200216,2
13284,20190501,2
13284,20190624,2
13284,20190706,2
13284,20190815,2
13284,20191101,2
13284,20191224,2
13284,20191225,2
13284,20191226,2
13286,20200101,1
13286,20200216,1
13286,20190501,1
13286,20190624,1
13286,20190706,1
13286,20190815,1
13286,20191101,1
13286,20191224,1
13286,20191225,1
13286,20191226,1
13287,20200101,2
13287,20200216,2
13287,20190501,2
13287,20190624,2
13287,20190706,2
13287,20190815,2
13287,20191101,2
13287,20191224,2
13287,20191225,2
13287,20191226,2
13288,20200101,1
13288,20200216,1
13288,20190501,1
13288,20190624,1
13288,20190706,1
13288,20190815,1
13288,20191101,1
13288,20191224,1
13288,20191225,1
13288,20191226,1
13289,20200101,2
13289,20200216,2
13289,20190501,2
13289,20190624,2
13289,20190706,2
13289,20190815,2
13289,20191101,2
13289,20191224,2
13289,20191225,2
13289,20191226,2
12843,20200101,2
12843,20200216,2
12843,20190501,2
12843,20190624,2
12843,20190706,2
12843,20190815,2
12843,20191101,2
12843,20191224,2
12843,20191225,2
12843,20191226,2
12844,20200101,2
12844,20200216,2
12844,20190501,2
12844,20190624,2
12844,20190706,2
12844,20190815,2
12844,20191101,2
12844,20191224,2
12844,20191225,2
12844,20191226,2
12845,20200101,1
12845,20200216,1
12845,20190501,1
12845,20190624,1
12845,20190706,1
12845,20190815,1
12845,20191101,1
12845,20191224,1
12845,20191225,1
12845,20191226,1
12554,20200101,2
12554,20200216,2
12554,20190501,2
12554,20190624,2
12554,20190706,2
12554,20190815,2
12554,20191101,2
12554,20191224,2
12554,20191225,2
12554,20191226,2
12555,20200101,2
12555,20200216,2
12555,20190501,2
12555,20190624,2
12555,20190706,2
12555,20190815,2
12555,20191101,2
12555,20191224,2
12555,20191225,2
12555,20191226,2
12556,20200101,1
12556,20200216,1
12556,20190501,1
12556,20190624,1
12556,20190706,1
12556,20190815,1
12556,20191101,1
12556,20191224,1
12556,20191225,1
12556,20191226,1
13290,20200101,2
13290,20200216,2
13290,20190501,2
13290,20190624,2
13290,20190706,2
13290,20190815,2
13290,20191101,2
13290,20191224,2
13290,20191225,2
13290,20191226,2
13291,20200101,2
13291,20200216,2
13291,20190501,2
13291,20190624,2
13291,20190706,2
13291,20190815,2
13291,20191101,2
13291,20191224,2
13291,20191225,2
13291,20191226,2
13292,20200101,1
13292,20200216,1
13292,20190501,1
13292,20190624,1
13292,20190706,1
13292,20190815,1
13292,20191101,1
13292,20191224,1
13292,20191225,1
13292,20191226,1
13293,20200101,2
13293,20200216,2
13293,20190501,2
13293,20190624,2
13293,20190706,2
13293,20190815,2
13293,20191101,2
13293,20191224,2
13293,20191225,2
13293,20191226,2
13294,20200101,2
13294,20200216,2
13294,20190501,2
13294,20190624,2
13294,20190706,2
13294,20190815,2
13294,20191101,2
13294,20191224,2
13294,20191225,2
13294,20191226,2
13295,20200101,1
13295,20200216,1
13295,20190501,1
13295,20190624,1
13295,20190706,1
13295,20190815,1
13295,20191101,1
13295,20191224,1
13295,20191225,1
13295,20191226,1
13216,20200101,2
13216,20200216,2
13216,20190501,2
13216,20190624,2
13216,20190706,2
13216,20190815,2
13216,20191101,2
13216,20191224,2
13216,20191225,2
13216,20191226,2
13217,20200101,2
13217,20200216,2
13217,20190501,2
13217,20190624,2
13217,20190706,2
13217,20190815,2
13217,20191101,2
13217,20191224,2
13217,20191225,2
13217,20191226,2
13218,20200101,1
13218,20200216,1
13218,20190501,1
13218,20190624,1
13218,20190706,1
13218,20190815,1
13218,20191101,1
13218,20191224,1
13218,20191225,1
13218,20191226,1
13077,20200101,2
13077,20200216,2
13077,20190501,2
13077,20190624,2
13077,20190706,2
13077,20190815,2
13077,20191101,2
13077,20191224,2
13077,20191225,2
13077,20191226,2
13078,20200101,2
13078,20200216,2
13078,20190501,2
13078,20190624,2
13078,20190706,2
13078,20190815,2
13078,20191101,2
13078,20191224,2
13078,20191225,2
13078,20191226,2
13079,20200101,1
13079,20200216,1
13079,20190501,1
13079,20190624,1
13079,20190706,1
13079,20190815,1
13079,20191101,1
13079,20191224,1
13079,20191225,1
13079,20191226,1
13219,20200101,2
13219,20200216,2
13219,20190501,2
13219,20190624,2
13219,20190706,2
13219,20190815,2
13219,20191101,2
13219,20191224,2
13219,20191225,2
13219,20191226,2
13220,20200101,2
13220,20200216,2
13220,20190501,2
13220,20190624,2
13220,20190706,2
13220,20190815,2
13220,20191101,2
13220,20191224,2
13220,20191225,2
13220,20191226,2
13221,20200101,1
13221,20200216,1
13221,20190501,1
13221,20190624,1
13221,20190706,1
13221,20190815,1
13221,20191101,1
13221,20191224,1
13221,20191225,1
13221,20191226,1
12850,20200101,2
12850,20200216,2
12850,20190501,2
12850,20190624,2
12850,20190706,2
12850,20190815,2
12850,20191101,2
12850,20191224,2
12850,20191225,2
12850,20191226,2
13341,20200101,2
13341,20200216,2
13341,20190501,2
13341,20190624,2
13341,20190706,2
13341,20190815,2
13341,20191101,2
13341,20191224,2
13341,20191225,2
13341,20191226,2
13342,20200101,1
13342,20200216,1
13342,20190501,1
13342,20190624,1
13342,20190706,1
13342,20190815,1
13342,20191101,1
13342,20191224,1
13342,20191225,1
13342,20191226,1
13080,20200101,2
13080,20200216,2
13080,20190501,2
13080,20190624,2
13080,20190706,2
13080,20190815,2
13080,20191101,2
13080,20191224,2
13080,20191225,2
13080,20191226,2
13081,20200101,2
13081,20200216,2
13081,20190501,2
13081,20190624,2
13081,20190706,2
13081,20190815,2
13081,20191101,2
13081,20191224,2
13081,20191225,2
13081,20191226,2
13082,20200101,1
13082,20200216,1
13082,20190501,1
13082,20190624,1
13082,20190706,1
13082,20190815,1
13082,20191101,1
13082,20191224,1
13082,20191225,1
13082,20191226,1
13083,20200101,2
13083,20200216,2
13083,20190501,2
13083,20190624,2
13083,20190706,2
13083,20190815,2
13083,20191101,2
13083,20191224,2
13083,20191225,2
13083,20191226,2
13084,20200101,2
13084,20200216,2
13084,20190501,2
13084,20190624,2
13084,20190706,2
13084,20190815,2
13084,20191101,2
13084,20191224,2
13084,20191225,2
13084,20191226,2
13085,20200101,1
13085,20200216,1
13085,20190501,1
13085,20190624,1
13085,20190706,1
13085,20190815,1
13085,20191101,1
13085,20191224,1
13085,20191225,1
13085,20191226,1
13296,20200101,2
13296,20200216,2
13296,20190501,2
13296,20190624,2
13296,20190706,2
13296,20190815,2
13296,20191101,2
13296,20191224,2
13296,20191225,2
13296,20191226,2
13297,20200101,1
13297,20200216,1
13297,20190501,1
13297,20190624,1
13297,20190706,1
13297,20190815,1
13297,20191101,1
13297,20191224,1
13297,20191225,1
13297,20191226,1
13174,20200101,2
13174,20200216,2
13174,20190501,2
13174,20190624,2
13174,20190706,2
13174,20190815,2
13174,20191101,2
13174,20191224,2
13174,20191225,2
13174,20191226,2
13175,20200101,1
13175,20200216,1
13175,20190501,1
13175,20190624,1
13175,20190706,1
13175,20190815,1
13175,20191101,1
13175,20191224,1
13175,20191225,1
13175,20191226,1
13298,20200101,2
13298,20200216,2
13298,20190501,2
13298,20190624,2
13298,20190706,2
13298,20190815,2
13298,20191101,2
13298,20191224,2
13298,20191225,2
13298,20191226,2
13299,20200101,1
13299,20200216,1
13299,20190501,1
13299,20190624,1
13299,20190706,1
13299,20190815,1
13299,20191101,1
13299,20191224,1
13299,20191225,1
13299,20191226,1
13300,20200101,2
13300,20200216,2
13300,20190501,2
13300,20190624,2
13300,20190706,2
13300,20190815,2
13300,20191101,2
13300,20191224,2
13300,20191225,2
13300,20191226,2
12686,20200101,1
12686,20200216,1
12686,20190501,1
12686,20190624,1
12686,20190706,1
12686,20190815,1
12686,20191101,1
12686,20191224,1
12686,20191225,1
12686,20191226,1
12571,20200101,2
12571,20200216,2
12571,20190501,2
12571,20190624,2
12571,20190706,2
12571,20190815,2
12571,20191101,2
12571,20191224,2
12571,20191225,2
12571,20191226,2
12572,20200101,2
12572,20200216,2
12572,20190501,2
12572,20190624,2
12572,20190706,2
12572,20190815,2
12572,20191101,2
12572,20191224,2
12572,20191225,2
12572,20191226,2
12573,20200101,1
12573,20200216,1
12573,20190501,1
12573,20190624,1
12573,20190706,1
12573,20190815,1
12573,20191101,1
12573,20191224,1
12573,20191225,1
12573,20191226,1
13301,20200101,2
13301,20200216,2
13301,20190501,2
13301,20190624,2
13301,20190706,2
13301,20190815,2
13301,20191101,2
13301,20191224,2
13301,20191225,2
13301,20191226,2
13302,20200101,1
13302,20200216,1
13302,20190501,1
13302,20190624,1
13302,20190706,1
13302,20190815,1
13302,20191101,1
13302,20191224,1
13302,20191225,1
13302,20191226,1
12269,20200101,2
12269,20200216,2
12269,20190501,2
12269,20190624,2
12269,20190706,2
12269,20190815,2
12269,20191101,2
12269,20191224,2
12269,20191225,2
12269,20191226,2
11114,20200101,2
11114,20200216,2
11114,20190501,2
11114,20190624,2
11114,20190706,2
11114,20190815,2
11114,20191101,2
11114,20191224,2
11114,20191225,2
11114,20191226,2
11610,20200101,2
11610,20200216,2
11610,20190501,2
11610,20190624,2
11610,20190706,2
11610,20190815,2
11610,20191101,2
11610,20191224,2
11610,20191225,2
11610,20191226,2
11116,20200101,2
11116,20200216,2
11116,20190501,2
11116,20190624,2
11116,20190706,2
11116,20190815,2
11116,20191101,2
11116,20191224,2
11116,20191225,2
11116,20191226,2
12677,20200101,2
12677,20200216,2
12677,20190501,2
12677,20190624,2
12677,20190706,2
12677,20190815,2
12677,20191101,2
12677,20191224,2
12677,20191225,2
12677,20191226,2
13343,20200101,2
13343,20200216,2
13343,20190501,2
13343,20190624,2
13343,20190706,2
13343,20190815,2
13343,20191101,2
13343,20191224,2
13343,20191225,2
13343,20191226,2
13344,20200101,2
13344,20200216,2
13344,20190501,2
13344,20190624,2
13344,20190706,2
13344,20190815,2
13344,20191101,2
13344,20191224,2
13344,20191225,2
13344,20191226,2
13345,20200101,1
13345,20200216,1
13345,20190501,1
13345,20190624,1
13345,20190706,1
13345,20190815,1
13345,20191101,1
13345,20191224,1
13345,20191225,1
13345,20191226,1
12961,20200101,2
12961,20200216,2
12961,20190501,2
12961,20190624,2
12961,20190706,2
12961,20190815,2
12961,20191101,2
12961,20191224,2
12961,20191225,2
12961,20191226,2
12962,20200101,2
12962,20200216,2
12962,20190501,2
12962,20190624,2
12962,20190706,2
12962,20190815,2
12962,20191101,2
12962,20191224,2
12962,20191225,2
12962,20191226,2
13014,20200101,1
13014,20200216,1
13014,20190501,1
13014,20190624,1
13014,20190706,1
13014,20190815,1
13014,20191101,1
13014,20191224,1
13014,20191225,1
13014,20191226,1
13222,20200101,2
13222,20200216,2
13222,20190501,2
13222,20190624,2
13222,20190706,2
13222,20190815,2
13222,20191101,2
13222,20191224,2
13222,20191225,2
13222,20191226,2
13362,20200101,2
13362,20200216,2
13362,20190501,2
13362,20190624,2
13362,20190706,2
13362,20190815,2
13362,20191101,2
13362,20191224,2
13362,20191225,2
13362,20191226,2
13363,20200101,1
13363,20200216,1
13363,20190501,1
13363,20190624,1
13363,20190706,1
13363,20190815,1
13363,20191101,1
13363,20191224,1
13363,20191225,1
13363,20191226,1
13364,20200101,2
13364,20200216,2
13364,20190501,2
13364,20190624,2
13364,20190706,2
13364,20190815,2
13364,20191101,2
13364,20191224,2
13364,20191225,2
13364,20191226,2
13365,20200101,2
13365,20200216,2
13365,20190501,2
13365,20190624,2
13365,20190706,2
13365,20190815,2
13365,20191101,2
13365,20191224,2
13365,20191225,2
13365,20191226,2
12968,20200101,2
12968,20200216,2
12968,20190501,2
12968,20190624,2
12968,20190706,2
12968,20190815,2
12968,20191101,2
12968,20191224,2
12968,20191225,2
12968,20191226,2
12969,20200101,1
12969,20200216,1
12969,20190501,1
12969,20190624,1
12969,20190706,1
12969,20190815,1
12969,20191101,1
12969,20191224,1
12969,20191225,1
12969,20191226,1
12970,20200101,2
12970,20200216,2
12970,20190501,2
12970,20190624,2
12970,20190706,2
12970,20190815,2
12970,20191101,2
12970,20191224,2
12970,20191225,2
12970,20191226,2
12971,20200101,2
12971,20200216,2
12971,20190501,2
12971,20190624,2
12971,20190706,2
12971,20190815,2
12971,20191101,2
12971,20191224,2
12971,20191225,2
12971,20191226,2
12972,20200101,1
12972,20200216,1
12972,20190501,1
12972,20190624,1
12972,20190706,1
12972,20190815,1
12972,20191101,1
12972,20191224,1
12972,20191225,1
12972,20191226,1
13346,20200101,2
13346,20200216,2
13346,20190501,2
13346,20190624,2
13346,20190706,2
13346,20190815,2
13346,20191101,2
13346,20191224,2
13346,20191225,2
13346,20191226,2
13347,20200101,2
13347,20200216,2
13347,20190501,2
13347,20190624,2
13347,20190706,2
13347,20190815,2
13347,20191101,2
13347,20191224,2
13347,20191225,2
13347,20191226,2
13348,20200101,1
13348,20200216,1
13348,20190501,1
13348,20190624,1
13348,20190706,1
13348,20190815,1
13348,20191101,1
13348,20191224,1
13348,20191225,1
13348,20191226,1
13349,20200101,2
13349,20200216,2
13349,20190501,2
13349,20190624,2
13349,20190706,2
13349,20190815,2
13349,20191101,2
13349,20191224,2
13349,20191225,2
13349,20191226,2
13350,20200101,2
13350,20200216,2
13350,20190501,2
13350,20190624,2
13350,20190706,2
13350,20190815,2
13350,20191101,2
13350,20191224,2
13350,20191225,2
13350,20191226,2
13351,20200101,1
13351,20200216,1
13351,20190501,1
13351,20190624,1
13351,20190706,1
13351,20190815,1
13351,20191101,1
13351,20191224,1
13351,20191225,1
13351,20191226,1
13308,20200101,2
13308,20200216,2
13308,20190501,2
13308,20190624,2
13308,20190706,2
13308,20190815,2
13308,20191101,2
13308,20191224,2
13308,20191225,2
13308,20191226,2
13309,20200101,2
13309,20200216,2
13309,20190501,2
13309,20190624,2
13309,20190706,2
13309,20190815,2
13309,20191101,2
13309,20191224,2
13309,20191225,2
13309,20191226,2
13310,20200101,1
13310,20200216,1
13310,20190501,1
13310,20190624,1
13310,20190706,1
13310,20190815,1
13310,20191101,1
13310,20191224,1
13310,20191225,1
13310,20191226,1
12982,20200101,2
12982,20200216,2
12982,20190501,2
12982,20190624,2
12982,20190706,2
12982,20190815,2
12982,20191101,2
12982,20191224,2
12982,20191225,2
12982,20191226,2
12983,20200101,2
12983,20200216,2
12983,20190501,2
12983,20190624,2
12983,20190706,2
12983,20190815,2
12983,20191101,2
12983,20191224,2
12983,20191225,2
12983,20191226,2
12984,20200101,1
12984,20200216,1
12984,20190501,1
12984,20190624,1
12984,20190706,1
12984,20190815,1
12984,20191101,1
12984,20191224,1
12984,20191225,1
12984,20191226,1
12986,20200101,2
12986,20200216,2
12986,20190501,2
12986,20190624,2
12986,20190706,2
12986,20190815,2
12986,20191101,2
12986,20191224,2
12986,20191225,2
12986,20191226,2
12987,20200101,2
12987,20200216,2
12987,20190501,2
12987,20190624,2
12987,20190706,2
12987,20190815,2
12987,20191101,2
12987,20191224,2
12987,20191225,2
12987,20191226,2
12988,20200101,1
12988,20200216,1
12988,20190501,1
12988,20190624,1
12988,20190706,1
12988,20190815,1
12988,20191101,1
12988,20191224,1
12988,20191225,1
12988,20191226,1
12989,20200101,2
12989,20200216,2
12989,20190501,2
12989,20190624,2
12989,20190706,2
12989,20190815,2
12989,20191101,2
12989,20191224,2
12989,20191225,2
12989,20191226,2
13353,20200101,2
13353,20200216,2
13353,20190501,2
13353,20190624,2
13353,20190706,2
13353,20190815,2
13353,20191101,2
13353,20191224,2
13353,20191225,2
13353,20191226,2
13354,20200101,2
13354,20200216,2
13354,20190501,2
13354,20190624,2
13354,20190706,2
13354,20190815,2
13354,20191101,2
13354,20191224,2
13354,20191225,2
13354,20191226,2
13355,20200101,1
13355,20200216,1
13355,20190501,1
13355,20190624,1
13355,20190706,1
13355,20190815,1
13355,20191101,1
13355,20191224,1
13355,20191225,1
13355,20191226,1
12993,20200101,2
12993,20200216,2
12993,20190501,2
12993,20190624,2
12993,20190706,2
12993,20190815,2
12993,20191101,2
12993,20191224,2
12993,20191225,2
12993,20191226,2
12994,20200101,2
12994,20200216,2
12994,20190501,2
12994,20190624,2
12994,20190706,2
12994,20190815,2
12994,20191101,2
12994,20191224,2
12994,20191225,2
12994,20191226,2
12995,20200101,1
12995,20200216,1
12995,20190501,1
12995,20190624,1
12995,20190706,1
12995,20190815,1
12995,20191101,1
12995,20191224,1
12995,20191225,1
12995,20191226,1
13366,20200101,2
13366,20200216,2
13366,20190501,2
13366,20190624,2
13366,20190706,2
13366,20190815,2
13366,20191101,2
13366,20191224,2
13366,20191225,2
13366,20191226,2
13357,20200101,2
13357,20200216,2
13357,20190501,2
13357,20190624,2
13357,20190706,2
13357,20190815,2
13357,20191101,2
13357,20191224,2
13357,20191225,2
13357,20191226,2
13358,20200101,1
13358,20200216,1
13358,20190501,1
13358,20190624,1
13358,20190706,1
13358,20190815,1
13358,20191101,1
13358,20191224,1
13358,20191225,1
13358,20191226,1
13359,20200101,2
13359,20200216,2
13359,20190501,2
13359,20190624,2
13359,20190706,2
13359,20190815,2
13359,20191101,2
13359,20191224,2
13359,20191225,2
13359,20191226,2
13360,20200101,2
13360,20200216,2
13360,20190501,2
13360,20190624,2
13360,20190706,2
13360,20190815,2
13360,20191101,2
13360,20191224,2
13360,20191225,2
13360,20191226,2
13361,20200101,1
13361,20200216,1
13361,20190501,1
13361,20190624,1
13361,20190706,1
13361,20190815,1
13361,20191101,1
13361,20191224,1
13361,20191225,1
13361,20191226,1
13002,20200101,2
13002,20200216,2
13002,20190501,2
13002,20190624,2
13002,20190706,2
13002,20190815,2
13002,20191101,2
13002,20191224,2
13002,20191225,2
13002,20191226,2
13003,20200101,1
13003,20200216,1
13003,20190501,1
13003,20190624,1
13003,20190706,1
13003,20190815,1
13003,20191101,1
13003,20191224,1
13003,20191225,1
13003,20191226,1
13004,20200101,2
13004,20200216,2
13004,20190501,2
13004,20190624,2
13004,20190706,2
13004,20190815,2
13004,20191101,2
13004,20191224,2
13004,20191225,2
13004,20191226,2
13005,20200101,1
13005,20200216,1
13005,20190501,1
13005,20190624,1
13005,20190706,1
13005,20190815,1
13005,20191101,1
13005,20191224,1
13005,20191225,1
13005,20191226,1