service_id,monday,tuesday,wednesday,thursday,friday,saturday,sunday,start_date,end_date
13234,1,1,1,1,1,0,0,20190301,20200301
13235,0,0,0,0,0,1,0,20190301,20200301
13236,0,0,0,0,0,0,1,20190301,20200301
12809,0,0,0,0,0,1,0,20190110,20200301
12808,1,1,1,1,1,0,0,20181101,20200301
12810,0,0,0,0,0,0,1,20181101,20200301
13024,1,1,1,1,1,0,0,20181208,20200301
13025,0,0,0,0,0,1,0,20181208,20200301
13026,0,0,0,0,0,0,1,20181208,20200301
13225,1,1,1,1,1,0,0,20190301,20200301
13226,0,0,0,0,0,1,0,20190301,20200301
13227,0,0,0,0,0,0,1,20190301,20200301
13027,1,1,1,1,1,0,0,20181208,20200301
13028,0,0,0,0,0,1,0,20181208,20200301
13029,0,0,0,0,0,0,1,20181208,20200301
13228,1,1,1,1,1,0,0,20190301,20200301
13229,0,0,0,0,0,1,0,20190301,20200301
13230,0,0,0,0,0,0,1,20190301,20200301
11951,1,1,1,1,1,0,0,20180414,20200301
11952,0,0,0,0,0,1,1,20180414,20200301
13314,1,1,1,1,1,0,0,20190323,20200301
13315,0,0,0,0,0,1,0,20190323,20200301
13316,0,0,0,0,0,0,1,20190323,20200301
13237,1,1,1,1,1,0,0,20190301,20200301
13238,0,0,0,0,0,1,0,20190301,20200301
13239,0,0,0,0,0,0,1,20190301,20200301
12814,1,1,1,1,1,0,0,20181101,20200301
12815,0,0,0,0,0,1,0,20181101,20200301
12816,0,0,0,0,0,0,1,20181101,20200301
13231,1,1,1,1,1,0,0,20190301,20200301
13232,0,0,0,0,0,1,0,20190301,20200301
13233,0,0,0,0,0,0,1,20190301,20200301
13319,0,0,0,0,0,1,0,20190323,20200301
13324,0,0,0,0,0,0,1,20190323,20200301
13240,1,1,1,1,1,0,0,20190301,20200301
12730,0,0,0,0,0,0,1,20181001,20200301
11852,1,1,1,1,1,0,0,20180310,20200301
11853,0,0,0,0,0,1,0,20180310,20200301
13033,1,1,1,1,1,0,0,20181208,20200301
12732,0,0,0,0,0,0,1,20181001,20200301
12367,0,0,0,0,0,1,0,20180804,20200301
13242,1,1,1,1,1,0,0,20190301,20200301
13243,0,0,0,0,0,1,0,20190301,20200301
13244,0,0,0,0,0,0,1,20190301,20200301
12009,0,0,0,0,0,1,1,20181217,20200301
12756,1,1,1,1,1,0,0,20181020,20200301
13336,1,1,1,1,1,0,0,20181208,20200301
13335,0,0,0,0,0,1,0,20181208,20200301
13036,0,0,0,0,0,0,1,20181208,20200301
12757,1,1,1,1,1,0,0,20181020,20200301
12758,0,0,0,0,0,1,0,20181020,20200301
12759,0,0,0,0,0,0,1,20181020,20200301
12760,1,1,1,1,1,0,0,20181020,20200301
12273,0,0,0,0,0,1,0,20180701,20200301
12274,0,0,0,0,0,0,1,20180701,20200301
12275,1,1,1,1,1,1,0,20180701,20200301
12276,0,0,0,0,0,0,1,20180701,20200301
13037,1,1,1,1,1,0,0,20181208,20200301
13038,0,0,0,0,0,1,0,20181208,20200301
13039,0,0,0,0,0,0,1,20181208,20200301
12502,1,1,1,1,1,0,0,20180901,20200301
13337,0,0,0,0,0,1,0,20180901,20200301
13338,0,0,0,0,0,0,1,20180901,20200301
13040,1,1,1,1,1,0,0,20181208,20200301
13041,0,0,0,0,0,1,0,20181208,20200301
13042,0,0,0,0,0,0,1,20181208,20200301
13043,1,1,1,1,1,0,0,20181208,20200301
13044,0,0,0,0,0,1,0,20181208,20200301
13045,0,0,0,0,0,0,1,20181208,20200301
13245,1,1,1,1,1,0,0,20190301,20200301
13285,0,0,0,0,0,1,0,20190301,20200301
13246,0,0,0,0,0,1,0,20190301,20200301
13247,0,0,0,0,0,0,1,20190301,20200301
13248,1,1,1,1,1,0,0,20190301,20200301
13249,0,0,0,0,0,1,0,20190301,20200301
13250,0,0,0,0,0,0,1,20190301,20200301
13251,1,1,1,1,1,0,0,20190301,20200301
13252,0,0,0,0,0,1,0,20190301,20200301
13253,0,0,0,0,0,0,1,20190301,20200301
13254,1,1,1,1,1,0,0,20190301,20200301
13255,0,0,0,0,0,1,0,20190301,20200301
13256,0,0,0,0,0,0,1,20190301,20200301
13257,1,1,1,1,1,0,0,20190301,20200301
13268,1,1,1,1,1,0,0,20190301,20200301
13278,1,1,1,1,1,0,0,20190301,20200301
13258,0,0,0,0,0,1,0,20190301,20200301
13259,0,0,0,0,0,0,1,20190301,20200301
11859,1,1,1,1,1,0,0,20180310,20200301
11860,0,0,0,0,0,1,0,20180310,20200301
11861,0,0,0,0,0,0,1,20180310,20200301
13046,1,1,1,1,1,0,0,20181208,20200301
12740,0,0,0,0,0,1,1,20181008,20200301
13048,0,0,0,0,0,1,0,20190110,20200301
13047,1,1,1,1,1,0,0,20181208,20200301
13049,0,0,0,0,0,0,1,20181208,20200301
13260,1,1,1,1,1,0,0,20190301,20200301
13261,0,0,0,0,0,1,1,20190301,20200301
13262,1,1,1,1,1,0,0,20190301,20200301
13263,0,0,0,0,0,1,0,20190301,20200301
13264,0,0,0,0,0,0,1,20190301,20200301
13201,1,1,1,1,1,0,0,20190301,20200301
13202,0,0,0,0,0,1,0,20190301,20200301
13203,0,0,0,0,0,0,1,20190301,20200301
13050,1,1,1,1,1,0,0,20181208,20200301
13051,0,0,0,0,0,1,0,20181208,20200301
13052,0,0,0,0,0,0,1,20181208,20200301
13204,1,1,1,1,1,0,0,20190301,20200301
13205,0,0,0,0,0,1,0,20190301,20200301
13206,0,0,0,0,0,0,1,20190301,20200301
12824,0,0,0,0,0,1,0,20181217,20200301
12825,0,0,0,0,0,0,1,20181217,20200301
12823,1,1,1,1,1,0,0,20181101,20200301
13053,1,1,1,1,1,0,0,20181208,20200301
13054,0,0,0,0,0,1,0,20181208,20200301
13055,0,0,0,0,0,0,1,20181208,20200301
12826,1,1,1,1,1,0,0,20181101,20200301
12827,0,0,0,0,0,1,0,20181101,20200301
12828,0,0,0,0,0,0,1,20181101,20200301
12829,1,1,1,1,1,0,0,20181101,20200301
12830,0,0,0,0,0,1,0,20181101,20200301
12831,0,0,0,0,0,0,1,20181101,20200301
13056,1,1,1,1,1,0,0,20181208,20200301
13057,0,0,0,0,0,1,0,20181208,20200301
13058,0,0,0,0,0,0,1,20181208,20200301
12682,1,1,1,1,1,0,0,20180917,20200301
12683,0,0,0,0,0,1,0,20180917,20200301
12684,0,0,0,0,0,0,1,20180917,20200301
12526,1,1,1,1,1,0,0,20180901,20200301
13339,0,0,0,0,0,1,0,20180901,20200301
13340,0,0,0,0,0,0,1,20180901,20200301
13269,0,0,0,0,0,1,0,20190301,20200301
13270,0,0,0,0,0,0,1,20190301,20200301
12530,1,1,1,1,1,0,0,20180901,20200301
11965,0,0,0,0,0,1,0,20180414,20200301
11966,0,0,0,0,0,0,1,20180414,20200301
13059,1,1,1,1,1,0,0,20181208,20200301
13060,0,0,0,0,0,1,0,20181208,20200301
13061,0,0,0,0,0,0,1,20181208,20200301
13317,0,0,0,0,0,1,0,20190323,20200301
13318,0,0,0,0,0,0,1,20190323,20200301
13207,1,1,1,1,1,0,0,20190301,20200301
12532,0,0,0,0,0,1,0,20181125,20200301
12833,1,1,1,1,1,0,0,20181101,20200301
12533,0,0,0,0,0,0,1,20180901,20200301
12834,1,1,1,1,1,0,0,20181101,20200301
12835,0,0,0,0,0,1,0,20181101,20200301
12836,0,0,0,0,0,0,1,20181101,20200301
13271,1,1,1,1,1,0,0,20190301,20200301
13272,0,0,0,0,0,1,0,20190301,20200301
13273,0,0,0,0,0,0,1,20190301,20200301
12537,1,1,1,1,1,0,0,20180901,20200301
12538,0,0,0,0,0,1,0,20180901,20200301
12539,0,0,0,0,0,0,1,20180901,20200301
12214,1,1,1,1,1,0,0,20180616,20200301
12215,0,0,0,0,0,1,1,20180616,20200301
13274,0,0,0,0,0,1,1,20190301,20200301
12540,1,1,1,1,1,0,0,20180901,20200301
13176,1,1,1,1,1,0,0,20190209,20200301
13177,0,0,0,0,0,1,0,20190209,20200301
13178,0,0,0,0,0,0,1,20190209,20200301
13210,1,1,1,1,1,0,0,20190301,20200301
13211,0,0,0,0,0,1,0,20190301,20200301
13212,0,0,0,0,0,0,1,20190301,20200301
13321,1,1,1,1,1,0,0,20190323,20200301
13322,0,0,0,0,0,1,0,20190323,20200301
13323,0,0,0,0,0,0,1,20190323,20200301
13279,0,0,0,0,0,1,0,20190301,20200301
13280,0,0,0,0,0,0,1,20190301,20200301
13281,1,1,1,1,1,0,0,20190301,20200301
13282,0,0,0,0,0,1,0,20190301,20200301
13283,0,0,0,0,0,0,1,20190301,20200301
13068,1,1,1,1,1,0,0,20181208,20200301
13069,0,0,0,0,0,1,0,20181208,20200301
13070,0,0,0,0,0,0,1,20181208,20200301
13213,1,1,1,1,1,0,0,20190301,20200301
13214,0,0,0,0,0,1,0,20190301,20200301
13215,0,0,0,0,0,0,1,20190301,20200301
13071,1,1,1,1,1,0,0,20181208,20200301
13072,0,0,0,0,0,1,0,20181208,20200301
13073,0,0,0,0,0,0,1,20181208,20200301
13284,1,1,1,1,1,0,0,20190301,20200301
13286,0,0,0,0,0,0,1,20190301,20200301
13287,1,1,1,1,1,0,0,20190301,20200301
13288,0,0,0,0,0,1,1,20190301,20200301
13289,1,1,1,1,1,0,0,20190301,20200301
12843,1,1,1,1,1,0,0,20181101,20200301
12844,0,0,0,0,0,1,0,20181101,20200301
12845,0,0,0,0,0,0,1,20181101,20200301
12554,1,1,1,1,1,0,0,20180901,20200301
12555,0,0,0,0,0,1,0,20180901,20200301
12556,0,0,0,0,0,0,1,20180901,20200301
13290,1,1,1,1,1,0,0,20190301,20200301
13291,0,0,0,0,0,1,0,20190301,20200301
13292,0,0,0,0,0,0,1,20190301,20200301
13293,1,1,1,1,1,0,0,20190301,20200301
13294,0,0,0,0,0,1,0,20190301,20200301
13295,0,0,0,0,0,0,1,20190301,20200301
13216,1,1,1,1,1,0,0,20190301,20200301
13217,0,0,0,0,0,1,0,20190301,20200301
13218,0,0,0,0,0,0,1,20190301,20200301
13077,1,1,1,1,1,0,0,20181208,20200301
13078,0,0,0,0,0,1,0,20181208,20200301
13079,0,0,0,0,0,0,1,20181208,20200301
13219,1,1,1,1,1,0,0,20190301,20200301
13220,0,0,0,0,0,1,0,20190301,20200301
13221,0,0,0,0,0,0,1,20190301,20200301
12850,1,1,1,1,1,0,0,20181101,20200301
13341,0,0,0,0,0,1,0,20180616,20200301
13342,0,0,0,0,0,0,1,20180616,20200301
13080,1,1,1,1,1,0,0,20181208,20200301
13081,0,0,0,0,0,1,0,20181208,20200301
13082,0,0,0,0,0,0,1,20181208,20200301
13083,1,1,1,1,1,0,0,20181208,20200301
13084,0,0,0,0,0,1,0,20181208,20200301
13085,0,0,0,0,0,0,1,20181208,20200301
13296,1,1,1,1,1,0,0,20190301,20200301
13297,0,0,0,0,0,1,1,20190301,20200301
13174,1,1,1,1,1,0,0,20190119,20200301
13175,0,0,0,0,0,1,1,20190119,20200301
13298,1,1,1,1,1,0,0,20190301,20200301
13299,0,0,0,0,0,1,1,20190301,20200301
13300,1,1,1,1,1,0,0,20190301,20200301
12686,0,0,0,0,0,1,1,20180917,20200301
12571,1,1,1,1,1,0,0,20180901,20200301
12572,0,0,0,0,0,1,0,20180901,20200301
12573,0,0,0,0,0,0,1,20180901,20200301
13301,1,1,1,1,1,0,0,20190301,20200301
13302,0,0,0,0,0,1,1,20190301,20200301
12237,1,1,1,1,1,1,1,20180616,20200301
12269,0,0,0,0,1,1,0,20180912,20200301
11114,0,0,0,0,1,1,0,20180912,20200301
11610,0,0,0,0,1,1,0,20180912,20200301
11116,0,0,0,0,1,1,0,20180912,20200301
12677,0,0,0,0,1,1,0,20180912,20200301
13343,1,1,1,1,1,0,0,20190301,20200301
13344,0,0,0,0,0,1,0,20190301,20200301
13345,0,0,0,0,0,0,1,20190301,20200301
12961,1,1,1,1,1,0,0,20181201,20200301
12962,0,0,0,0,0,1,0,20181201,20200301
13014,0,0,0,0,0,0,1,20181201,20200301
13222,1,1,1,1,1,0,0,20190301,20200301
13362,0,0,0,0,0,1,0,20190301,20200301
13363,0,0,0,0,0,0,1,20190301,20200301
13364,1,1,1,1,1,0,0,20190301,20200301
13365,1,1,1,1,1,0,0,20190301,20200301
12968,0,0,0,0,0,1,0,20181201,20200301
12969,0,0,0,0,0,0,1,20181201,20200301
12970,1,1,1,1,1,0,0,20181201,20200301
12971,0,0,0,0,0,1,0,20181201,20200301
12972,0,0,0,0,0,0,1,20181201,20200301
13346,1,1,1,1,1,0,0,20190301,20200301
13347,0,0,0,0,0,1,0,20190301,20200301
13348,0,0,0,0,0,0,1,20190301,20200301
13349,1,1,1,1,1,0,0,20190301,20200301
13350,0,0,0,0,0,1,0,20190301,20200301
13351,0,0,0,0,0,0,1,20190301,20200301
13308,1,1,1,1,1,0,0,20181201,20200301
13309,0,0,0,0,0,1,0,20181201,20200301
13310,0,0,0,0,0,0,1,20181201,20200301
12982,1,1,1,1,1,0,0,20181201,20200301
12983,0,0,0,0,0,1,0,20181201,20200301
12984,0,0,0,0,0,0,1,20181201,20200301
12986,1,1,1,1,1,0,0,20181201,20200301
12987,0,0,0,0,0,1,0,20181201,20200301
12988,0,0,0,0,0,0,1,20181201,20200301
12989,1,1,1,1,1,0,0,20181201,20200301
13353,1,1,1,1,1,0,0,20190301,20200301
13354,0,0,0,0,0,1,0,20190301,20200301
13355,0,0,0,0,0,0,1,20190301,20200301
12993,1,1,1,1,1,0,0,20181201,20200301
12994,0,0,0,0,0,1,0,20181201,20200301
12995,0,0,0,0,0,0,1,20181201,20200301
13366,1,1,1,1,1,0,0,20190301,20200301
13357,0,0,0,0,0,1,0,20190301,20200301
13358,0,0,0,0,0,0,1,20190301,20200301
13359,1,1,1,1,1,0,0,20190301,20200301
13360,0,0,0,0,0,1,0,20190301,20200301
13361,0,0,0,0,0,0,1,20190301,20200301
13002,1,1,1,1,1,0,0,20181201,20200301
13003,0,0,0,0,0,1,1,20181201,20200301
13004,1,1,1,1,1,0,0,20181201,20200301
13005,0,0,0,0,0,1,1,20180901,20200301